0 17.489093 17.560800 0.071707 
1 17.602521 17.621800 0.019279 
2 17.626426 18.390000 0.763574 
3 17.996957 18.341200 0.344243 
4 18.445846 18.405400 -0.040446 
5 18.754157 18.488498 -0.265660 
6 19.116270 18.478600 -0.637670 
7 19.404609 18.510400 -0.894209 
8 19.645917 18.837200 -0.808717 
9 20.029441 18.891800 -1.137641 
10 20.384908 18.798000 -1.586908 
11 20.838552 18.758552 -2.080000 
12 21.008008 18.815200 -2.192808 
13 21.334468 18.817000 -2.517468 
14 21.639696 18.926800 -2.712896 
15 21.986768 18.937800 -3.048968 
16 22.348688 19.156400 -3.192288 
17 22.649650 19.141200 -3.508450 
18 23.178850 19.161400 -4.017450 
19 23.414245 19.121400 -4.292845 
20 23.815131 19.161000 -4.654131 
21 24.290090 19.205000 -5.085090 
22 24.729876 19.166400 -5.563476 
23 24.989385 19.142400 -5.846985 
24 25.624457 19.171600 -6.452857 
25 26.408682 19.142800 -7.265882 
26 26.335545 19.123000 -7.212545 
27 27.094298 19.108400 -7.985898 
28 27.745018 19.125400 -8.619618 
29 28.618923 19.087800 -9.531123 
30 29.154667 19.126400 -10.028267 
31 29.677936 19.138800 -10.539136 
32 30.615546 19.392200 -11.223346 
33 31.241248 19.386800 -11.854448 
34 31.260008 19.375600 -11.884408 
35 32.345492 19.410200 -12.935292 
36 33.406654 19.403600 -14.003054 
37 33.988902 19.370200 -14.618702 
38 33.994671 19.386000 -14.608671 
39 35.141291 19.405800 -15.735491 
40 35.884639 19.383400 -16.501239 
41 36.536319 19.347000 -17.189319 
42 37.002438 19.380400 -17.622038 
43 37.947326 19.436800 -18.510526 
44 38.598118 19.411200 -19.186918 
45 39.291566 19.456600 -19.834966 
46 39.953661 19.420600 -20.533061 
47 40.640249 19.443600 -21.196649 
48 41.448553 19.493800 -21.954753 
49 41.956139 19.394400 -22.561739 
50 42.594151 19.390000 -23.204151 
51 43.399220 19.383800 -24.015420 
52 44.102847 19.393800 -24.709047 
53 44.824657 19.432800 -25.391857 
54 45.411439 19.399000 -26.012439 
55 45.969597 19.403000 -26.566597 
56 46.455040 19.354400 -27.100640 
57 47.646647 19.395200 -28.251447 
58 47.928735 19.399200 -28.529535 
59 49.171481 19.394800 -29.776681 
60 49.056619 19.379000 -29.677619 
61 49.612435 19.367000 -30.245435 
62 50.280033 19.413600 -30.866433 
63 51.273109 19.384200 -31.888909 
64 51.965212 19.708400 -32.256812 
65 52.192754 19.682800 -32.509954 
66 53.312880 19.679536 -33.633344 
67 54.218279 19.758200 -34.460079 
68 54.152369 19.680400 -34.471969 
69 54.924556 19.663600 -35.260956 
70 55.740748 19.703200 -36.037548 
71 56.545342 19.686800 -36.858542 
72 57.404838 19.687800 -37.717038 
73 57.949491 19.655800 -38.293691 
74 57.962371 19.771154 -38.191217 
75 59.049338 19.714000 -39.335338 
76 60.109888 19.676800 -40.433088 
77 60.580296 19.714400 -40.865896 
78 61.412943 19.742200 -41.670743 
79 61.991789 19.727000 -42.264789 
80 62.437777 19.669600 -42.768177 
81 62.595041 19.708200 -42.886841 
82 63.967900 19.709200 -44.258700 
83 64.717661 19.671200 -45.046461 
84 65.326576 19.713400 -45.613176 
85 66.171675 19.743000 -46.428675 
86 67.145553 19.761400 -47.384153 
87 67.709736 19.739400 -47.970336 
88 68.884878 19.721400 -49.163478 
89 68.818838 19.700200 -49.118638 
90 70.215486 19.773800 -50.441686 
91 70.194717 19.689800 -50.504917 
92 70.866480 19.718800 -51.147680 
93 71.322322 19.746600 -51.575722 
94 72.191315 19.715600 -52.475715 
95 72.286457 19.670400 -52.616057 
96 82.609549 19.702400 -62.907149 
97 81.176955 19.753000 -61.423955 
98 81.940913 19.676600 -62.264313 
99 82.313156 19.693600 -62.619556 
100 83.476104 19.719000 -63.757104 
